-2.32634787404084
-2.05374891063182
-1.88079360815125
-1.75068607125217
-1.64485362695147
-1.55477359459685
-1.47579102817917
-1.40507156030963
-1.34075503369022
-1.2815515655446
-1.22652812003661
-1.17498679206609
-1.1263911290388
-1.08031934081496
-1.03643338949379
-0.994457883209753
-0.954165253146194
-0.915365087842814
-0.877896295051228
-0.841621233572914
-0.80642124701824
-0.772193214188685
-0.738846849185214
-0.706302562840088
-0.674489750196082
-0.643345405392917
-0.612812991016627
-0.582841507271216
-0.553384719555673
-0.524400512708041
-0.495850347347453
-0.467698799114508
-0.439913165673234
-0.412463129441405
-0.385320466407568
-0.358458793251194
-0.331853346436817
-0.305480788099397
-0.279319034447454
-0.2533471031358
-0.227544976641149
-0.201893479141851
-0.176374164780861
-0.150969215496777
-0.125661346855074
-0.10043372051147
-0.0752698620998299
-0.0501535834647337
-0.0250689082587111
0
0.0250689082587111
0.0501535834647337
0.0752698620998299
0.10043372051147
0.125661346855074
0.150969215496777
0.176374164780861
0.201893479141851
0.227544976641149
0.2533471031358
0.279319034447454
0.305480788099397
0.331853346436817
0.358458793251194
0.385320466407568
0.412463129441405
0.439913165673234
0.467698799114508
0.495850347347453
0.524400512708041
0.553384719555673
0.582841507271216
0.612812991016627
0.643345405392917
0.674489750196082
0.706302562840088
0.738846849185214
0.772193214188685
0.80642124701824
0.841621233572914
0.877896295051229
0.915365087842814
0.954165253146194
0.994457883209753
1.03643338949379
1.08031934081496
1.1263911290388
1.17498679206609
1.22652812003661
1.2815515655446
1.34075503369022
1.40507156030963
1.47579102817917
1.55477359459685
1.64485362695147
1.75068607125217
1.88079360815125
2.05374891063182
2.32634787404084
